(
Casca/Franc2d generated model.
Translated by 
Franc2d results K1 = 3 , K2=0
)

echo -no
number_of_space_dimensions 2
materi_velocity
materi_strain_elasti
materi_stress
materi_strainenergy
end_initia

options_mesh -fixed_in_space -fixed_in_space
options_convection -no

crack_elementgroup  0  (material group around crack)
crack_nodes         160 182 183 159 158
( crack and non crack t6 elements )
group_type    0 -materi
group_materi_elasti_young    0   29000.0    
group_materi_elasti_poisson    0  0.250000    
group_materi_membrane          0 -yes
group_materi_memory    0 -updated_without_rotation

( q9 elements )
group_type    1 -materi
group_materi_elasti_young    1   29000.0    
group_materi_elasti_poisson    1  0.250000    
group_materi_membrane          1 -yes
group_materi_memory    1 -updated_without_rotation

volume_factor   1.00000    

element      1 -quad9      1      2      3      8    380      4      7      6      5
element_group      1      1
element      2 -quad9      7      6      5     13    381      9     12     11     10
element_group      2      1
element      3 -quad9     12     11     10     18    382     14     17     16     15
element_group      3      1
element      4 -quad9     17     16     15     23    383     19     22     21     20
element_group      4      1
element      5 -quad9      1      8      7     28    384     24     27     26     25
element_group      5      1
element      6 -quad9     25     24      7     31    385     13     30     29     12
element_group      6      1
element      7 -quad9     30     29     12     34    386     18     33     32     17
element_group      7      1
element      8 -quad9     33     32     17     37    387     23     36     35     22
element_group      8      1
element      9 -quad9     27     26     25     42    388     38     41     40     39
element_group      9      1
element     10 -quad9     39     38     25     45    389     31     44     43     30
element_group     10      1
element     11 -quad9     44     43     30     48    390     34     47     46     33
element_group     11      1
element     12 -quad9     47     46     33     51    391     37     50     49     36
element_group     12      1
element     13 -quad9     41     40     39     56    392     52     55     54     53
element_group     13      1
element     14 -quad9     55     54     53     61    393     57     60     59     58
element_group     14      1
element     15 -tria6     62     63     64     67     65     66
element     16 -quad9     60     59     58     72    394     68     71     70     69
element_group     16      1
element     17 -quad9     71     70     69     77    395     73     76     75     74
element_group     17      1
element     18 -quad9     76     75     74     82    396     78     81     80     79
element_group     18      1
element     19 -quad9     79     78     74     87    397     83     86     85     84
element_group     19      1
element     20 -quad9     86     85     84     92    398     88     91     90     89
element_group     20      1
element     21 -quad9     91     90     89     97    399     93     96     95     94
element_group     21      1
element     22 -quad9     81     80     79    102    400     98    101    100     99
element_group     22      1
element     23 -quad9     99     98     79    105    401     87    104    103     86
element_group     23      1
element     24 -quad9    104    103     86    108    402     92    107    106     91
element_group     24      1
element     25 -quad9    107    106     91    111    403     97    110    109     96
element_group     25      1
element     26 -quad9    101    100     99    116    404    112    115    114    113
element_group     26      1
element     27 -quad9    113    112     99    119    405    105    118    117    104
element_group     27      1
element     28 -quad9    118    117    104    122    406    108    121    120    107
element_group     28      1
element     29 -quad9    121    120    107    125    407    111    124    123    110
element_group     29      1
element     30 -quad9      3      2      1    130    408    126    129    128    127
element_group     30      1
element     31 -quad9    127    126      1    133    409     28    132    131     27
element_group     31      1
element     32 -quad9    132    131     27    136    410     42    135    134     41
element_group     32      1
element     33 -quad9    135    134     41    139    411     56    138    137     55
element_group     33      1
element     34 -quad9    138    137     55    142    412     61    141    140     60
element_group     34      1
element     35 -quad9    141    140     60    145    413     72    144    143     71
element_group     35      1
element     36 -quad9    144    143     71    148    414     77    147    146     76
element_group     36      1
element     37 -quad9    147    146     76    151    415     82    150    149     81
element_group     37      1
element     38 -quad9    150    149     81    154    416    102    153    152    101
element_group     38      1
element     39 -quad9    153    152    101    157    417    116    156    155    115
element_group     39      1
( crack tip singular elements )
element     40 -tria6    158    159    160    163    161    162
element     41 -tria6    162    161    160    166    164    165
element     42 -tria6    165    164    160    169    167    168
element     43 -tria6    168    167    160    172    170    171
element     44 -tria6    171    170    160    175    173    174
element     45 -tria6    174    173    160    178    176    177
element     46 -tria6    177    176    160    181    179    180
element     47 -tria6    180    179    160    184    182    183
( end of crack tip singular elements )
element     48 -tria6    180    184    183    187    185    186
element     49 -tria6    186    185    183    190    188    189
element     50 -tria6    186    190    189    193    191    192
element     51 -tria6    192    194    195    198    196    197
element     52 -tria6    195    199     94    202    200    201
element     53 -tria6    201    200     94    203     93     89
element     54 -tria6     89     88     84    206    204    205
element     55 -tria6     84     83     74    207     73     69
element     56 -tria6     69     68     58    210    208    209
element     57 -tria6     58     57     53    213    211    212
element     58 -tria6     53     52     39    216    214    215
element     59 -tria6    215    214     39    217     45     44
element     60 -tria6     44     48     47    220    218    219
element     61 -tria6     47     51     50    223    221    222
element     62 -tria6    222    221     50    226    224    225
element     63 -tria6    225    227    228    231    229    230
element     64 -tria6    228    232    233    236    234    235
element     65 -tria6    235    234    233    238    237    158
element     66 -tria6    235    238    158    239    163    162
element     67 -tria6    162    166    165    242    240    241
element     68 -tria6    165    169    168    245    243    244
element     69 -tria6    168    172    171    248    246    247
element     70 -tria6    171    175    174    251    249    250
element     71 -tria6    174    178    177    254    252    253
element     72 -tria6    177    181    180    257    255    256
element     73 -tria6    256    255    180    258    187    186
element     74 -tria6    186    193    192    259    198    197
element     75 -tria6    197    196    195    260    202    201
element     76 -tria6    201    203     89    261    206    205
element     77 -tria6    205    204     84    264    262    263
element     78 -tria6    263    262     84    265    207     69
element     79 -tria6     69    210    209    268    266    267
element     80 -tria6    209    208     58    271    269    270
element     81 -tria6    270    269     58    272    213    212
element     82 -tria6    212    211     53    273    216    215
element     83 -tria6    215    217     44    276    274    275
element     84 -tria6    275    274     44    277    220    219
element     85 -tria6    219    218     47    278    223    222
element     86 -tria6    222    226    225    279    231    230
element     87 -tria6    230    229    228    280    236    235
element     88 -tria6    235    239    162    281    242    241
element     89 -tria6    241    240    165    282    245    244
element     90 -tria6    244    243    168    285    283    284
element     91 -tria6    168    248    247    288    286    287
element     92 -tria6    247    246    171    289    251    250
element     93 -tria6    250    249    174    292    290    291
element     94 -tria6    174    254    253    295    293    294
element     95 -tria6    253    252    177    296    257    256
element     96 -tria6    256    258    186    297    259    197
element     97 -tria6    197    260    201    300    298    299
element     98 -tria6    299    298    201    301    261    205
element     99 -tria6    205    264    263    304    302    303
element    100 -tria6    263    265     69    305    268    267
element    101 -tria6    267    266    209    307    306     66
element    102 -tria6    209    271    270    310    308    309
element    103 -tria6    270    272    212    313    311    312
element    104 -tria6    212    273    215    314    276    275
element    105 -tria6    275    277    219    317    315    316
element    106 -tria6    219    278    222    320    318    319
element    107 -tria6    319    318    222    321    279    230
element    108 -tria6    230    280    235    322    281    241
element    109 -tria6    241    282    244    325    323    324
element    110 -tria6    244    285    284    328    326    327
element    111 -tria6    284    283    168    329    288    287
element    112 -tria6    324    330    230    325    322    241
element    113 -tria6    287    286    247    332    331    309
element    114 -tria6    309    331    247    333    289    250
element    115 -tria6     66    334    309    335    333    250
element    116 -tria6    250    292    291    335    336     66
element    117 -tria6    291    290    174    337    295    294
element    118 -tria6    294    293    253    340    338    339
element    119 -tria6    253    296    256    343    341    342
element    120 -tria6    342    341    256    344    297    197
element    121 -tria6    342    344    197    345    300    299
element    122 -tria6    299    301    205    348    346    347
element    123 -tria6    347    346    205    349    304    303
element    124 -tria6    303    302    263    351    350     64
element    125 -tria6     64    350    263    352    305    267
element    126 -tria6     64    352    267     65    307     66
element    127 -tria6     66    306    209    334    310    309
element    128 -tria6    309    308    270    353    313    312
element    129 -tria6    312    311    212    354    314    275
element    130 -tria6    312    354    275    355    317    316
element    131 -tria6    316    315    219    358    356    357
element    132 -tria6    357    356    219    359    320    319
element    133 -tria6    357    360    324    362    361    327
element    134 -tria6    319    321    230    363    330    324
element    135 -tria6    324    323    244    361    328    327
element    136 -tria6    327    326    284    366    364    365
element    137 -tria6    365    364    284    367    329    287
element    138 -tria6    365    367    287    368    332    309
element    139 -tria6     66    336    291     67    369     62
element    140 -tria6     62    369    291    370    337    294
element    141 -tria6     62    370    294    371    340    339
element    142 -tria6    339    338    253    372    343    342
element    143 -tria6    339    372    342    373    345    299
element    144 -tria6    339    373    299    374    348    347
element    145 -tria6    339    374    347    375    349    303
element    146 -tria6    303    376     62    375    371    339
element    147 -tria6    303    351     64    376     63     62
element    148 -tria6    365    368    309    377    353    312
element    149 -tria6    365    377    312    378    355    316
element    150 -tria6    316    379    327    378    366    365
element    151 -tria6    316    358    357    379    362    327
element    152 -tria6    357    359    319    360    363    324
( new 9th nodes =     38 )
node      1  0.106667      0.106667    
node      2  0.106667      0.120000    
node      3  0.106667      0.133333    
node      4  0.933334E-01  0.133333    
node      5  0.800000E-01  0.133333    
node      6  0.800000E-01  0.120000    
node      7  0.800000E-01  0.106667    
node      8  0.933334E-01  0.106667    
node      9  0.666667E-01  0.133333    
node     10  0.533333E-01  0.133333    
node     11  0.533333E-01  0.120000    
node     12  0.533333E-01  0.106667    
node     13  0.666667E-01  0.106667    
node     14  0.400000E-01  0.133333    
node     15  0.266667E-01  0.133333    
node     16  0.266667E-01  0.120000    
node     17  0.266667E-01  0.106667    
node     18  0.400000E-01  0.106667    
node     19  0.133333E-01  0.133333    
node     20   0.00000      0.133333    
node     21   0.00000      0.120000    
node     22   0.00000      0.106667    
node     23  0.133333E-01  0.106667    
node     24  0.800000E-01  0.933334E-01
node     25  0.800000E-01  0.800000E-01
node     26  0.933334E-01  0.800000E-01
node     27  0.106667      0.800000E-01
node     28  0.106667      0.933334E-01
node     29  0.533333E-01  0.933334E-01
node     30  0.533333E-01  0.800000E-01
node     31  0.666667E-01  0.800000E-01
node     32  0.266667E-01  0.933334E-01
node     33  0.266667E-01  0.800000E-01
node     34  0.400000E-01  0.800000E-01
node     35   0.00000      0.933334E-01
node     36   0.00000      0.800000E-01
node     37  0.133333E-01  0.800000E-01
node     38  0.800000E-01  0.666667E-01
node     39  0.800000E-01  0.533333E-01
node     40  0.933334E-01  0.533333E-01
node     41  0.106667      0.533333E-01
node     42  0.106667      0.666667E-01
node     43  0.533333E-01  0.666667E-01
node     44  0.533333E-01  0.533333E-01
node     45  0.666667E-01  0.533333E-01
node     46  0.266667E-01  0.666667E-01
node     47  0.266667E-01  0.533333E-01
node     48  0.400000E-01  0.533333E-01
node     49   0.00000      0.666667E-01
node     50   0.00000      0.533333E-01
node     51  0.133333E-01  0.533333E-01
node     52  0.800000E-01  0.400000E-01
node     53  0.800000E-01  0.266667E-01
node     54  0.933334E-01  0.266667E-01
node     55  0.106667      0.266667E-01
node     56  0.106667      0.400000E-01
node     57  0.800000E-01  0.133333E-01
node     58  0.800000E-01   0.00000    
node     59  0.933334E-01   0.00000    
node     60  0.106667       0.00000    
node     61  0.106667      0.133333E-01
node     62  0.394923E-01 -0.158128E-01
node     63  0.433788E-01 -0.177785E-01
node     64  0.472652E-01 -0.197441E-01
node     65  0.472057E-01 -0.150460E-01
node     66  0.471461E-01 -0.103479E-01
node     67  0.433192E-01 -0.130804E-01
node     68  0.800000E-01 -0.133333E-01
node     69  0.800000E-01 -0.266667E-01
node     70  0.933334E-01 -0.266667E-01
node     71  0.106667     -0.266667E-01
node     72  0.106667     -0.133333E-01
node     73  0.800000E-01 -0.400000E-01
node     74  0.800000E-01 -0.533333E-01
node     75  0.933334E-01 -0.533333E-01
node     76  0.106667     -0.533333E-01
node     77  0.106667     -0.400000E-01
node     78  0.800000E-01 -0.666667E-01
node     79  0.800000E-01 -0.800000E-01
node     80  0.933334E-01 -0.800000E-01
node     81  0.106667     -0.800000E-01
node     82  0.106667     -0.666667E-01
node     83  0.666667E-01 -0.533333E-01
node     84  0.533333E-01 -0.533333E-01
node     85  0.533333E-01 -0.666667E-01
node     86  0.533333E-01 -0.800000E-01
node     87  0.666667E-01 -0.800000E-01
node     88  0.400000E-01 -0.533333E-01
node     89  0.266667E-01 -0.533333E-01
node     90  0.266667E-01 -0.666667E-01
node     91  0.266667E-01 -0.800000E-01
node     92  0.400000E-01 -0.800000E-01
node     93  0.133333E-01 -0.533333E-01
node     94   0.00000     -0.533333E-01
node     95   0.00000     -0.666667E-01
node     96   0.00000     -0.800000E-01
node     97  0.133333E-01 -0.800000E-01
node     98  0.800000E-01 -0.933334E-01
node     99  0.800000E-01 -0.106667    
node    100  0.933334E-01 -0.106667    
node    101  0.106667     -0.106667    
node    102  0.106667     -0.933334E-01
node    103  0.533333E-01 -0.933334E-01
node    104  0.533333E-01 -0.106667    
node    105  0.666667E-01 -0.106667    
node    106  0.266667E-01 -0.933334E-01
node    107  0.266667E-01 -0.106667    
node    108  0.400000E-01 -0.106667    
node    109   0.00000     -0.933334E-01
node    110   0.00000     -0.106667    
node    111  0.133333E-01 -0.106667    
node    112  0.800000E-01 -0.120000    
node    113  0.800000E-01 -0.133333    
node    114  0.933334E-01 -0.133333    
node    115  0.106667     -0.133333    
node    116  0.106667     -0.120000    
node    117  0.533333E-01 -0.120000    
node    118  0.533333E-01 -0.133333    
node    119  0.666667E-01 -0.133333    
node    120  0.266667E-01 -0.120000    
node    121  0.266667E-01 -0.133333    
node    122  0.400000E-01 -0.133333    
node    123   0.00000     -0.120000    
node    124   0.00000     -0.133333    
node    125  0.133333E-01 -0.133333    
node    126  0.120000      0.106667    
node    127  0.133333      0.106667    
node    128  0.133333      0.120000    
node    129  0.133333      0.133333    
node    130  0.120000      0.133333    
node    131  0.120000      0.800000E-01
node    132  0.133333      0.800000E-01
node    133  0.133333      0.933334E-01
node    134  0.120000      0.533333E-01
node    135  0.133333      0.533333E-01
node    136  0.133333      0.666667E-01
node    137  0.120000      0.266667E-01
node    138  0.133333      0.266667E-01
node    139  0.133333      0.400000E-01
node    140  0.120000       0.00000    
node    141  0.133333       0.00000    
node    142  0.133333      0.133333E-01
node    143  0.120000     -0.266667E-01
node    144  0.133333     -0.266667E-01
node    145  0.133333     -0.133333E-01
node    146  0.120000     -0.533333E-01
node    147  0.133333     -0.533333E-01
node    148  0.133333     -0.400000E-01
node    149  0.120000     -0.800000E-01
node    150  0.133333     -0.800000E-01
node    151  0.133333     -0.666667E-01
node    152  0.120000     -0.106667    
node    153  0.133333     -0.106667    
node    154  0.133333     -0.933334E-01
node    155  0.120000     -0.133333    
node    156  0.133333     -0.133333    
node    157  0.133333     -0.120000    
( start of crack tip  related nodes )
node    158  0.166667E-01  0.666667E-04
node    159  0.229167E-01  0.166667E-04
node    160  0.250000E-01   0.00000         ( crack tip node )  
node    161  0.235269E-01  0.147314E-02
node    162  0.191074E-01  0.589256E-02
node    163  0.178871E-01  0.297961E-02
node    164  0.250000E-01  0.208333E-02
node    165  0.250000E-01  0.833333E-02
node    166  0.220537E-01  0.711294E-02
node    167  0.264731E-01  0.147314E-02
node    168  0.308926E-01  0.589256E-02
node    169  0.279463E-01  0.711294E-02
node    170  0.270833E-01   0.00000    
node    171  0.333333E-01   0.00000    
node    172  0.321129E-01  0.294628E-02
node    173  0.264731E-01 -0.147314E-02
node    174  0.308926E-01 -0.589256E-02
node    175  0.321129E-01 -0.294628E-02
node    176  0.250000E-01 -0.208333E-02
node    177  0.250000E-01 -0.833333E-02
node    178  0.279463E-01 -0.711294E-02
node    179  0.235269E-01 -0.147314E-02
node    180  0.191074E-01 -0.589256E-02
node    181  0.220537E-01 -0.711294E-02
node    182  0.229167E-01 -0.166667E-04
node    183  0.166667E-01 -0.666667E-04
node    184  0.178871E-01 -0.297961E-02
( end of crack tip related nodes )
node    185  0.148894E-01 -0.287129E-02
node    186  0.131120E-01 -0.567592E-02
node    187  0.161097E-01 -0.578424E-02
node    188  0.125000E-01 -0.666667E-04
node    189  0.833333E-02 -0.666667E-04
node    190  0.107227E-01 -0.287129E-02
node    191  0.416667E-02 -0.666667E-04
node    192 -0.574976E-11 -0.666667E-04
node    193  0.655602E-02 -0.287129E-02
node    194   0.00000     -0.133333E-01
node    195   0.00000     -0.266667E-01
node    196  0.714199E-02 -0.218853E-01
node    197  0.142840E-01 -0.171039E-01
node    198  0.714199E-02 -0.858526E-02
node    199   0.00000     -0.400000E-01
node    200  0.851323E-02 -0.441879E-01
node    201  0.170265E-01 -0.350425E-01
node    202  0.851323E-02 -0.308546E-01
node    203  0.218466E-01 -0.441879E-01
node    204  0.443888E-01 -0.442266E-01
node    205  0.354442E-01 -0.351199E-01
node    206  0.310555E-01 -0.442266E-01
node    207  0.666667E-01 -0.400000E-01
node    208  0.710536E-01 -0.393154E-02
node    209  0.621072E-01 -0.786307E-02
node    210  0.710536E-01 -0.172649E-01
node    211  0.724341E-01  0.229277E-01
node    212  0.648683E-01  0.191886E-01
node    213  0.724341E-01  0.959433E-02
node    214  0.729753E-01  0.449596E-01
node    215  0.659507E-01  0.365859E-01
node    216  0.729753E-01  0.316263E-01
node    217  0.596420E-01  0.449596E-01
node    218  0.307505E-01  0.441381E-01
node    219  0.348343E-01  0.349430E-01
node    220  0.440838E-01  0.441381E-01
node    221  0.832099E-02  0.443290E-01
node    222  0.166420E-01  0.353246E-01
node    223  0.216543E-01  0.443290E-01
node    224   0.00000      0.400000E-01
node    225   0.00000      0.266667E-01
node    226  0.832099E-02  0.309956E-01
node    227   0.00000      0.133333E-01
node    228 -0.574976E-11  0.666667E-04
node    229  0.715806E-02  0.881690E-02
node    230  0.143161E-01  0.175671E-01
node    231  0.715806E-02  0.221169E-01
node    232  0.416667E-02  0.666667E-04
node    233  0.833333E-02  0.666667E-04
node    234  0.107670E-01  0.294291E-02
node    235  0.132006E-01  0.581915E-02
node    236  0.660028E-02  0.294291E-02
node    237  0.125000E-01  0.666667E-04
node    238  0.149336E-01  0.294291E-02
node    239  0.161540E-01  0.585585E-02
node    240  0.229245E-01  0.977323E-02
node    241  0.208489E-01  0.112131E-01
node    242  0.199782E-01  0.855285E-02
node    243  0.295600E-01  0.883103E-02
node    244  0.282274E-01  0.117695E-01
node    245  0.266137E-01  0.100514E-01
node    246  0.354450E-01  0.122110E-02
node    247  0.375566E-01  0.244220E-02
node    248  0.342246E-01  0.416738E-02
node    249  0.349033E-01 -0.465932E-02
node    250  0.389141E-01 -0.342607E-02
node    251  0.361237E-01 -0.171304E-02
node    252  0.262499E-01 -0.102475E-01
node    253  0.274998E-01 -0.121617E-01
node    254  0.291962E-01 -0.902712E-02
node    255  0.197691E-01 -0.842443E-02
node    256  0.204308E-01 -0.109563E-01
node    257  0.227154E-01 -0.964482E-02
node    258  0.167714E-01 -0.831611E-02
node    259  0.136980E-01 -0.113899E-01
node    260  0.156552E-01 -0.260732E-01
node    261  0.262354E-01 -0.350812E-01
node    262  0.528034E-01 -0.414858E-01
node    263  0.522735E-01 -0.296382E-01
node    264  0.438589E-01 -0.323790E-01
node    265  0.661368E-01 -0.281525E-01
node    266  0.599243E-01 -0.133556E-01
node    267  0.577415E-01 -0.188482E-01
node    268  0.688708E-01 -0.227574E-01
node    269  0.704621E-01  0.296330E-02
node    270  0.609243E-01  0.592660E-02
node    271  0.615157E-01 -0.968235E-03
node    272  0.628963E-01  0.125576E-01
node    273  0.654095E-01  0.278873E-01
node    274  0.524835E-01  0.418433E-01
node    275  0.516337E-01  0.303532E-01
node    276  0.587922E-01  0.334696E-01
node    277  0.432340E-01  0.326481E-01
node    278  0.257381E-01  0.351338E-01
node    279  0.154790E-01  0.264459E-01
node    280  0.137583E-01  0.116931E-01
node    281  0.170247E-01  0.851614E-02
node    282  0.245382E-01  0.114913E-01
node    283  0.325158E-01  0.831494E-02
node    284  0.341390E-01  0.107373E-01
node    285  0.311832E-01  0.112534E-01
node    286  0.377548E-01  0.466760E-02
node    287  0.379531E-01  0.689299E-02
node    288  0.344228E-01  0.639278E-02
node    289  0.382353E-01 -0.491938E-03
node    290  0.344002E-01 -0.772840E-02
node    291  0.379079E-01 -0.956424E-02
node    292  0.384110E-01 -0.649516E-02
node    293  0.304607E-01 -0.122911E-01
node    294  0.334216E-01 -0.124205E-01
node    295  0.321571E-01 -0.915654E-02
node    296  0.239653E-01 -0.115590E-01
node    297  0.173574E-01 -0.140301E-01
node    298  0.214426E-01 -0.298816E-01
node    299  0.258587E-01 -0.247208E-01
node    300  0.200713E-01 -0.209123E-01
node    301  0.306515E-01 -0.299203E-01
node    302  0.460651E-01 -0.268777E-01
node    303  0.398568E-01 -0.241172E-01
node    304  0.376505E-01 -0.296185E-01
node    305  0.550075E-01 -0.242432E-01
node    306  0.546267E-01 -0.910547E-02
node    307  0.524438E-01 -0.145980E-01
node    308  0.539274E-01  0.432956E-02
node    309  0.469306E-01  0.273252E-02
node    310  0.545189E-01 -0.256528E-02
node    311  0.578356E-01  0.173646E-01
node    312  0.508028E-01  0.155405E-01
node    313  0.558636E-01  0.107336E-01
node    314  0.582510E-01  0.247709E-01
node    315  0.375732E-01  0.286335E-01
node    316  0.403122E-01  0.223240E-01
node    317  0.459730E-01  0.263386E-01
node    318  0.205431E-01  0.306120E-01
node    319  0.244442E-01  0.258995E-01
node    320  0.296392E-01  0.304212E-01
node    321  0.193801E-01  0.217333E-01
node    322  0.175825E-01  0.143901E-01
node    323  0.267863E-01  0.147954E-01
node    324  0.253453E-01  0.178213E-01
node    325  0.230971E-01  0.145172E-01
node    326  0.337047E-01  0.136248E-01
node    327  0.332704E-01  0.165123E-01
node    328  0.307489E-01  0.141409E-01
node    329  0.360460E-01  0.881516E-02
node    330  0.198307E-01  0.176942E-01
node    331  0.422436E-01  0.258736E-02
node    332  0.424419E-01  0.481276E-02
node    333  0.429224E-01 -0.346776E-03
node    334  0.470384E-01 -0.380768E-02
node    335  0.430301E-01 -0.688697E-02
node    336  0.425270E-01 -0.995605E-02
node    337  0.356647E-01 -0.109924E-01
node    338  0.296571E-01 -0.154752E-01
node    339  0.318145E-01 -0.187888E-01
node    340  0.326180E-01 -0.156047E-01
node    341  0.221711E-01 -0.138418E-01
node    342  0.239113E-01 -0.167273E-01
node    343  0.257056E-01 -0.144445E-01
node    344  0.190976E-01 -0.169156E-01
node    345  0.248850E-01 -0.207240E-01
node    346  0.343115E-01 -0.303962E-01
node    347  0.331788E-01 -0.256725E-01
node    348  0.295188E-01 -0.251967E-01
node    349  0.365178E-01 -0.248949E-01
node    350  0.497694E-01 -0.246911E-01
node    351  0.435610E-01 -0.219306E-01
node    352  0.525034E-01 -0.192961E-01
node    353  0.488667E-01  0.913652E-02
node    354  0.512183E-01  0.229469E-01
node    355  0.455575E-01  0.189322E-01
node    356  0.331952E-01  0.292524E-01
node    357  0.315562E-01  0.235618E-01
node    358  0.359342E-01  0.229429E-01
node    359  0.280002E-01  0.247307E-01
node    360  0.284507E-01  0.206916E-01
node    361  0.293078E-01  0.171668E-01
node    362  0.324133E-01  0.200371E-01
node    363  0.248947E-01  0.218604E-01
node    364  0.373065E-01  0.116303E-01
node    365  0.404741E-01  0.125233E-01
node    366  0.368722E-01  0.145178E-01
node    367  0.392136E-01  0.970814E-02
node    368  0.437024E-01  0.762790E-02
node    369  0.387001E-01 -0.126886E-01
node    370  0.364570E-01 -0.141167E-01
node    371  0.356534E-01 -0.173008E-01
node    372  0.278629E-01 -0.177580E-01
node    373  0.288366E-01 -0.217548E-01
node    374  0.324966E-01 -0.222307E-01
node    375  0.358356E-01 -0.214530E-01
node    376  0.396745E-01 -0.199650E-01
node    377  0.456385E-01  0.140319E-01
node    378  0.403931E-01  0.174236E-01
node    379  0.367913E-01  0.194181E-01
node    380  0.933334E-01  0.120000    
node    381  0.666667E-01  0.120000    
node    382  0.400000E-01  0.120000    
node    383  0.133333E-01  0.120000    
node    384  0.933333E-01  0.933334E-01
node    385  0.666667E-01  0.933334E-01
node    386  0.400000E-01  0.933334E-01
node    387  0.133333E-01  0.933334E-01
node    388  0.933333E-01  0.666667E-01
node    389  0.666667E-01  0.666667E-01
node    390  0.400000E-01  0.666667E-01
node    391  0.133333E-01  0.666667E-01
node    392  0.933333E-01  0.400000E-01
node    393  0.933333E-01  0.133333E-01
node    394  0.933333E-01 -0.133333E-01
node    395  0.933333E-01 -0.400000E-01
node    396  0.933333E-01 -0.666667E-01
node    397  0.666667E-01 -0.666667E-01
node    398  0.400000E-01 -0.666667E-01
node    399  0.133333E-01 -0.666667E-01
node    400  0.933333E-01 -0.933333E-01
node    401  0.666667E-01 -0.933333E-01
node    402  0.400000E-01 -0.933333E-01
node    403  0.133333E-01 -0.933333E-01
node    404  0.933333E-01 -0.120000    
node    405  0.666667E-01 -0.120000    
node    406  0.400000E-01 -0.120000    
node    407  0.133333E-01 -0.120000    
node    408  0.120000      0.120000    
node    409  0.120000      0.933334E-01
node    410  0.120000      0.666667E-01
node    411  0.120000      0.400000E-01
node    412  0.120000      0.133333E-01
node    413  0.120000     -0.133333E-01
node    414  0.120000     -0.400000E-01
node    415  0.120000     -0.666667E-01
node    416  0.120000     -0.933333E-01
node    417  0.120000     -0.120000    
bounda_unknown      1     20 -velx
bounda_time      1 0.0   0.00000     100.0   0.00000    
bounda_unknown      2     21 -velx
bounda_time      2 0.0   0.00000     100.0   0.00000    
bounda_unknown      3     22 -velx
bounda_time      3 0.0   0.00000     100.0   0.00000    
bounda_unknown      4     35 -velx
bounda_time      4 0.0   0.00000     100.0   0.00000    
bounda_unknown      5     36 -velx
bounda_time      5 0.0   0.00000     100.0   0.00000    
bounda_unknown      6     49 -velx
bounda_time      6 0.0   0.00000     100.0   0.00000    
bounda_unknown      7     50 -velx
bounda_time      7 0.0   0.00000     100.0   0.00000    
bounda_unknown      8    228 -velx
bounda_time      8 0.0   0.00000     100.0   0.00000    
bounda_unknown      9    192 -velx
bounda_time      9 0.0   0.00000     100.0   0.00000    
bounda_unknown     10    224 -velx
bounda_time     10 0.0   0.00000     100.0   0.00000    
bounda_unknown     11    225 -velx
bounda_time     11 0.0   0.00000     100.0   0.00000    
bounda_unknown     12    227 -velx
bounda_time     12 0.0   0.00000     100.0   0.00000    
bounda_unknown     13    194 -velx
bounda_time     13 0.0   0.00000     100.0   0.00000    
bounda_unknown     14    195 -velx
bounda_time     14 0.0   0.00000     100.0   0.00000    
bounda_unknown     15    199 -velx
bounda_time     15 0.0   0.00000     100.0   0.00000    
bounda_unknown     16     94 -velx
bounda_time     16 0.0   0.00000     100.0   0.00000    
bounda_unknown     17     95 -velx
bounda_time     17 0.0   0.00000     100.0   0.00000    
bounda_unknown     18     96 -velx
bounda_time     18 0.0   0.00000     100.0   0.00000    
bounda_unknown     19    109 -velx
bounda_time     19 0.0   0.00000     100.0   0.00000    
bounda_unknown     20    110 -velx
bounda_time     20 0.0   0.00000     100.0   0.00000    
bounda_unknown     21    123 -velx
bounda_time     21 0.0   0.00000     100.0   0.00000    
bounda_unknown     22    124 -velx
bounda_time     22 0.0   0.00000     100.0   0.00000    
bounda_unknown     23    141 -vely
bounda_time     23 0.0   0.00000     100.0   0.00000    
bounda_force       24      3 -vely
bounda_time     24 0.0  0.888888E-01 100.0  0.888888E-01
bounda_force       25      4 -vely
bounda_time     25 0.0  0.177778     100.0  0.177778    
bounda_force       26      5 -vely
bounda_time     26 0.0  0.888889E-01 100.0  0.888889E-01
bounda_force       27      9 -vely
bounda_time     27 0.0  0.177778     100.0  0.177778    
bounda_force       28     10 -vely
bounda_time     28 0.0  0.888889E-01 100.0  0.888889E-01
bounda_force       29     14 -vely
bounda_time     29 0.0  0.177778     100.0  0.177778    
bounda_force       30     15 -vely
bounda_time     30 0.0  0.888889E-01 100.0  0.888889E-01
bounda_force       31     19 -vely
bounda_time     31 0.0  0.177778     100.0  0.177778    
bounda_force       32     20 -vely
bounda_time     32 0.0  0.444444E-01 100.0  0.444444E-01
bounda_force       33    113 -vely
bounda_time     33 0.0 -0.888890E-01 100.0 -0.888890E-01
bounda_force       34    114 -vely
bounda_time     34 0.0 -0.177778     100.0 -0.177778    
bounda_force       35    115 -vely
bounda_time     35 0.0 -0.888888E-01 100.0 -0.888888E-01
bounda_force       36    118 -vely
bounda_time     36 0.0 -0.888889E-01 100.0 -0.888889E-01
bounda_force       37    119 -vely
bounda_time     37 0.0 -0.177778     100.0 -0.177778    
bounda_force       38    121 -vely
bounda_time     38 0.0 -0.888889E-01 100.0 -0.888889E-01
bounda_force       39    122 -vely
bounda_time     39 0.0 -0.177778     100.0 -0.177778    
bounda_force       40    124 -vely
bounda_time     40 0.0 -0.444444E-01 100.0 -0.444444E-01
bounda_force       41    125 -vely
bounda_time     41 0.0 -0.177778     100.0 -0.177778    
bounda_force       42    129 -vely
bounda_time     42 0.0  0.444443E-01 100.0  0.444443E-01
bounda_force       43    130 -vely
bounda_time     43 0.0  0.177777     100.0  0.177777    
bounda_force       44    155 -vely
bounda_time     44 0.0 -0.177777     100.0 -0.177777    
bounda_force       45    156 -vely
bounda_time     45 0.0 -0.444443E-01 100.0 -0.444443E-01

post_global -global_strainenergy

control_timestep            10  1. 1.
control_timestep_iterations 10  2

(
control_print               11  -global_strainenergy
)

control_crack               12  -calculate_stressintensityfactor

(
control_print               13  -crack_stressintensityfactor
)

end_data
